#expenditure per student by state in thousands of USD
["perpupil_spending", 9.02769426589792, 18.415906357487, 7.52776509449254, 9.61572973299631, 9.59476182328905, 8.98518892642543, 17.7447219819911, 13.9376652877146, 18.4850473944195, 8.75536683232263, 9.20197683006853, 12.458081091931, 6.62075238406549, 13.0772743507817, 9.54757472041592, 10.6676937119716, 9.97225102959691, 9.31187530752411, 10.7489724859154, 12.7068586361067, 14.0030215946997, 15.0874969312091, 11.110434437597, 11.4637873176067, 8.26315287122198, 9.87532363111876, 11.0169682158379, 11.7258863102558, 8.41410393216527, 14.3353620237812, 17.9070028280017, 9.734175858828, 20.6098680105188, 8.51172305085851, 12.3575218839569, 11.3542538989964, 7.82899074572917, 9.94468508731983, 13.9612388275778, 14.7673521660596, 9.73236804654874, 8.88128095030348, 8.63018306781398, 8.59267388077388, 6.49992724697286, 16.9876463234458, 10.9728371809543, 10.2018883068484, 11.2603464578167, 11.1863547095833, 15.7973515075702]

#percentage of the student body that is white
["percent_white", 58.109999999999999, 50.850000000000001, 42.119999999999997, 64.349999999999994, 26.039999999999999, 56.109999999999999, 60.869999999999997, 49.539999999999999, 7.7000000000000002, 42.420000000000002, 44.109999999999999, 14.27, 78.040000000000006, 50.82, 72.459999999999994, 80.689999999999998, 67.379999999999995, 81.150000000000006, 47.450000000000003, 91.790000000000006, 42.479999999999997, 67.040000000000006, 69.180000000000007, 73.0, 46.009999999999998, 74.219999999999999, 80.920000000000002, 70.170000000000002, 37.450000000000003, 89.109999999999999, 51.119999999999997, 25.91, 48.229999999999997, 52.399999999999999, 83.200000000000003, 73.719999999999999, 53.670000000000002, 65.340000000000003, 70.629999999999995, 63.979999999999997, 53.210000000000001, 78.439999999999998, 67.079999999999998, 30.550000000000001, 77.469999999999999, 92.459999999999994, 53.530000000000001, 60.25, 91.719999999999999, 73.719999999999999, 80.489999999999995]

#percentage of the student body that is black
["percent_black", 34.18, 3.6099999999999999, 5.3700000000000001, 21.199999999999999, 6.5099999999999998, 4.79, 13.01, 31.640000000000001, 76.420000000000002, 22.949999999999999, 37.009999999999998, 2.3999999999999999, 1.02, 18.050000000000001, 12.199999999999999, 5.0999999999999996, 7.3200000000000003, 10.76, 45.060000000000002, 2.96, 35.359999999999999, 8.2899999999999991, 18.82, 9.1999999999999993, 49.619999999999997, 16.77, 1.01, 6.7199999999999998, 9.6300000000000008, 1.9299999999999999, 16.239999999999998, 2.02, 18.489999999999998, 26.359999999999999, 2.6099999999999999, 16.210000000000001, 9.7799999999999994, 2.5299999999999998, 15.33, 8.1199999999999992, 35.640000000000001, 2.6499999999999999, 23.34, 12.81, 1.3300000000000001, 1.9299999999999999, 23.760000000000002, 4.5599999999999996, 5.04, 9.8100000000000005, 1.0900000000000001]

#percentage of the student body that is hispanic
["percent_hispanic", 4.6600000000000001, 6.21, 42.82, 10.25, 52.130000000000003, 31.899999999999999, 19.510000000000002, 13.06, 13.140000000000001, 28.59, 12.18, 6.4400000000000004, 16.25, 23.699999999999999, 8.9600000000000009, 8.9100000000000001, 17.170000000000002, 4.3200000000000003, 4.0199999999999996, 1.6299999999999999, 12.130000000000001, 16.079999999999998, 6.2000000000000002, 7.3899999999999997, 2.5699999999999998, 4.8600000000000003, 3.6899999999999999, 16.399999999999999, 39.609999999999999, 3.8700000000000001, 22.489999999999998, 59.450000000000003, 23.329999999999998, 13.5, 2.8500000000000001, 3.7999999999999998, 13.140000000000001, 21.079999999999998, 8.6699999999999999, 21.57, 6.6900000000000004, 3.8999999999999999, 6.6299999999999999, 50.829999999999998, 15.32, 1.3999999999999999, 11.869999999999999, 19.609999999999999, 1.1899999999999999, 9.7100000000000009, 12.57]

#percent of a state's education revenue that comes from federal funding
["Fed_funding", 10.800000000000001, 12.119999999999999, 13.300000000000001, 10.68, 10.609999999999999, 7.4699999999999998, 4.0, 6.9900000000000002, 10.050000000000001, 11.94, 10.130000000000001, 10.640000000000001, 11.16, 7.5700000000000003, 7.6900000000000004, 7.3499999999999996, 7.3399999999999999, 11.42, 15.279999999999999, 7.0099999999999998, 5.8399999999999999, 4.7999999999999998, 8.9199999999999999, 5.7199999999999998, 14.880000000000001, 8.8100000000000005, 11.77, 8.0999999999999996, 9.0800000000000001, 5.4900000000000002, 4.1699999999999999, 12.949999999999999, 5.4800000000000004, 11.359999999999999, 10.19, 7.5300000000000002, 11.44, 7.9299999999999997, 6.5599999999999996, 8.1500000000000004, 9.6699999999999999, 13.869999999999999, 11.890000000000001, 10.73, 8.75, 6.1200000000000001, 6.6900000000000004, 7.96, 10.050000000000001, 7.5499999999999998, 6.3600000000000003]

#percent of education expenditure for employee benefits
["benefits_percentage", 13.4239681, 22.304515500000001, 11.616157000000001, 10.931247800000001, 13.202398200000001, 10.842953, 18.610911599999998, 18.990279099999999, 7.1394643999999996, 10.6439866, 14.937356299999999, 13.8663852, 14.4132379, 18.893311600000001, 18.808503600000002, 14.003295700000001, 12.035682100000001, 14.1339407, 17.009562299999999, 16.378263200000003, 18.2515696, 15.1568165, 19.413849599999999, 14.054514600000001, 12.6398119, 12.078293800000001, 11.9151483, 14.5332724, 15.022755800000001, 17.732967799999997, 14.600114, 12.819817499999999, 21.3855903, 14.262110699999999, 13.869316100000001, 13.3689997, 12.4210847, 18.575844199999999, 17.2550113, 16.007688099999999, 12.935093, 11.6497954, 13.6518163, 7.2319380999999998, 18.0077611, 15.464714900000001, 15.320136400000001, 13.510102700000001, 17.468275200000001, 16.5685456, 15.7113382]